2 4735
2 3329
2 4258
2 400
2 587
2 4389
2 1837
2 587
2 1837
3 2493
3 992
3 3539
3 3361
3 3539
4 394
4 503
4 1590
4 1011
4 1172
4 1573
4 1590
4 1839
6 837
6 2186
6 866
6 3907
6 968
6 1172
6 1573
6 1590
6 2485
7 4456
7 1284
7 3757
7 2523
7 210
7 1573
7 1839
7 1888
7 1172
7 1573
7 1839
7 1888
8 1888
8 4495
8 2813
8 4873
8 1573
9 1318
9 1811
9 837
9 1573
11 1573
11 1590
11 1712
11 1172
11 1839
11 1888
11 2087
12 2148
12 2665
12 3361
12 4224
12 2485
12 2523
12 2545
12 1172
12 1573
13 2665
13 3049
13 4249
13 4326
13 4894
13 1839
13 2523
13 2991
13 3296
14 1046
14 2523
14 3154
14 3757
14 4768
14 2485
14 824
14 1888
14 2485
15 2545
15 2665
15 4903
15 2527
15 400
15 2523
15 1888
15 2087
16 1888
16 3705
16 1318
16 1046
16 1417
16 1839
17 1839
17 188
17 682
17 2523
17 1172
17 1573
17 1590
17 2485
17 2523
18 1216
18 1839
18 3717
18 275
18 400
18 2225
19 1172
19 1212
19 1811
19 1839
19 2523
19 4894
19 1839
20 4224
20 4249
20 2294
20 2485
20 2665
20 2807
20 2991
21 2306
21 2986
21 2472
21 4648
21 512
21 1461
21 2523
21 1839
21 1888
21 2523
21 3632
22 3987
22 1837
22 2472
22 2779
22 1089
22 211
22 2129
23 837
23 869
23 1046
23 1318
23 1573
23 1004
23 1172
24 1172
24 1212
24 1573
24 1590
24 1811
24 1839
24 2523
24 2545
24 2991
24 1839
28 71
28 4648
28 3369
28 4894
28 4592
28 1888
28 1046
28 2523
28 211
28 2523
30 1172
30 1573
30 499
30 837
30 1004
30 1888
31 211
31 210
31 2685
31 1318
31 2485
31 2523
31 3539
31 1837
31 2129
31 3049
31 1046
32 1172
32 1573
32 1657
32 2523
32 2545
32 2665
33 211
33 2973
33 2523
33 2485
33 2523
33 2341
33 3632
33 4894
33 1311
34 4973
34 3361
34 292
34 4224
34 499
34 837
34 869
34 1004
34 1046
35 4170
35 1837
35 587
35 3049
35 400
35 2129
35 211
35 400
36 71
36 2369
36 1318
36 2991
36 3049
36 3329
36 3717
36 211
37 1590
37 1839
37 1573
37 1811
37 2148
37 2523
38 512
38 549
38 2728
38 3353
38 3965
38 1329
38 211
38 1046
38 2485
38 2523
39 2965
39 394
39 3763
39 2215
39 1172
39 1839
39 2294
39 1172
40 824
40 3987
40 2129
40 400
40 4903
40 1573
40 1839
40 2523
41 1004
41 4238
41 1417
41 4873
41 1578
41 2523
41 3632
42 1573
42 2807
42 2991
42 3361
42 4941
42 1590
42 1839
42 1888
43 3987
43 1839
43 4572
43 2523
43 1318
43 2523
44 4873
44 4874
44 1212
44 4249
44 4366
44 211
44 2523
44 1839
45 2001
45 2827
45 1657
45 1839
45 3632
45 1573
45 2523
45 2485
45 2523
45 4903
45 1888
45 2523
45 1417
46 682
46 2797
46 205
46 71
46 1573
46 1839
46 1888
46 2087
46 2485
46 2523
48 4389
48 2779
48 1811
48 3717
48 1172
48 1573
48 1837
48 1839
49 1811
49 1888
49 2485
49 2523
49 4644
49 4903
49 2545
49 1172
49 1573
49 1839
49 2087
50 3361
50 3711
50 2527
50 1143
50 1046
50 1083
50 1172
50 1573
50 2485
50 2523
51 1482
51 4249
51 2991
51 2158
51 840
51 1839
51 2523
52 587
52 2129
52 3049
52 4715
52 1573
52 1811
52 2523
52 1839
52 2523
53 914
53 2523
53 3049
53 3329
53 824
53 394
53 1573
53 1839
53 1888
53 2665
53 1573
54 1639
54 824
54 3987
54 796
54 1461
54 3632
54 2523
55 400
55 1590
55 2485
55 2523
55 2991
55 3959
55 4941
55 1172
55 1573
55 1839
57 1046
57 1083
57 1172
57 1573
57 1004
57 1573
57 1811
58 1521
58 4041
58 620
58 71
58 3344
58 3757
58 1318
58 824
58 2665
59 3049
59 3329
59 3539
59 1837
59 400
59 587
59 1837
59 2129
59 2523
59 2991
59 2472
60 1172
60 1417
60 4545
60 1839
60 1888
60 2523
61 1046
61 1811
61 2097
61 2129
61 2545
61 2523
61 1839
61 2523
61 1839
61 1888
61 2523
62 3539
62 2385
62 3724
62 700
62 1046
62 3329
62 2779
62 2730
62 2129
62 2730
63 2991
63 4715
63 1172
63 1573
63 1590
63 1888
63 1318
63 208
63 1046
64 2730
64 210
64 1046
64 1811
64 2779
64 1839
64 2523
64 3539
64 2523
64 211
64 2523
64 2129
65 3757
65 1311
65 4139
65 4501
65 3183
65 1046
65 1811
65 1839
65 1888
65 4941
65 1046
65 1172
66 4903
66 3987
66 2192
66 1639
66 4258
66 2523
66 4258
66 824
67 3296
67 3361
67 4258
67 4973
67 2523
67 1839
67 1888
67 2523
68 1888
68 2523
68 3632
68 4903
68 4941
68 1839
69 4894
69 1212
69 4512
69 2337
69 562
69 2523
69 1046
69 1172
69 1573
70 778
70 869
70 512
70 587
70 1172
70 400
70 1172
70 1573
70 1172
71 1839
71 1888
71 2523
71 1046
71 2545
71 2779
71 1811
72 1837
72 2129
72 2523
72 3049
72 4258
72 3329
72 211
72 400
72 587
72 1573
72 1811
72 1839
73 824
73 3987
73 796
73 1461
73 1888
73 2523
73 2192
73 2523
74 983
74 1046
74 1839
74 2485
74 2523
74 1172
74 1573
75 682
75 3959
75 1046
75 1573
75 1839
76 211
76 2838
76 2523
76 2779
76 1046
76 3154
76 1089
76 587
76 3329
76 1046
77 1379
77 400
77 4299
77 4389
77 2769
77 1811
77 2129
77 2730
77 1811
77 2779
78 4683
78 824
78 1318
78 2730
78 2523
78 1811
78 2523
79 1590
79 1712
79 587
79 778
79 1573
79 1712
79 1811
79 1839
80 2376
80 1212
80 2665
80 4238
80 2523
80 1839
80 1888
80 2523
80 1639
80 1004
80 1172
81 801
81 4545
81 4530
81 4894
81 1573
81 1839
81 1888
82 1839
82 1888
82 499
82 1046
82 1811
82 2779
82 3165
83 586
83 171
83 856
83 1011
83 1888
83 2540
83 2523
83 4923
83 1172
83 1573
83 1839
83 1172
83 1573
83 1839
83 1172
85 4326
85 3211
85 512
85 4545
85 3361
85 1172
85 1573
85 1839
85 1888
85 2523
85 3296
86 27
86 2527
86 499
86 2545
86 2485
86 2523
86 2545
86 2485
86 2523
87 4325
87 1839
87 1212
87 4139
87 2192
87 1573
87 1888
88 1004
88 1172
88 1573
88 1590
88 1837
88 1839
88 1839
88 2523
89 1417
89 1263
89 4894
89 1172
89 1573
89 1839
90 3591
90 3739
90 1521
90 2472
90 3757
90 4903
90 4249
91 2129
91 2148
91 2485
91 1004
91 1172
91 1573
91 1839
91 1888
91 2485
92 4973
92 2472
92 1318
92 2523
92 4258
92 1004
92 1046
92 1811
93 1041
93 3717
93 1839
93 1888
93 2087
93 2523
93 2991
93 3296
93 4648
95 1712
95 1988
95 983
95 2129
95 1837
95 1839
95 1888
95 2087
97 1930
97 3226
97 1409
97 2565
97 2730
97 1046
97 1811
98 4181
98 340
98 69
98 1089
98 3048
98 210
100 1811
100 1839
100 499
100 837
100 869
100 1004
100 1573
101 824
101 4041
101 99
101 1212
101 2225
101 4629
101 1839
101 2523
101 1046
103 3974
103 3465
103 3757
103 1311
103 4139
103 4258
103 1318
103 1573
103 1839
104 837
104 1046
104 1172
104 1601
105 1573
105 1590
105 1712
105 2148
105 2485
105 2523
105 2665
105 1839
105 1888
105 2087
105 2485
105 2523
106 837
106 1172
106 1573
106 1888
106 2148
106 2485
106 2523
106 2485
106 2523
106 3296
106 3361
108 548
108 2306
108 48
108 1461
108 2192
108 2523
108 1839
108 2523
109 1811
109 1461
109 620
109 2523
109 2129
109 3705
109 1172
109 1573
109 1839
109 1888
109 1172
109 1573
110 2475
110 2080
110 4495
110 4072
110 499
110 512
110 869
110 1083
111 1089
111 3048
111 1930
111 3226
111 1409
111 2565
111 587
111 1046
111 211
111 400
111 1046
112 1811
112 1839
112 837
113 1521
113 1578
113 4844
113 3796
113 69
113 2905
113 1046
113 2523
113 3632
113 2523
113 3632
113 2523
114 1590
114 1839
114 1888
114 1573
114 1172
114 1573
114 1811
114 2523
114 3632
114 1172
114 2523
115 4392
115 2305
115 400
115 2730
115 1837
115 1837
115 1811
115 2129
115 1837
115 2129
115 1811
115 1837
116 2545
116 1888
116 3739
116 4580
116 269
116 824
116 1046
116 2523
116 1046
117 1590
117 1638
117 1712
117 1811
117 1839
117 1839
117 1888
117 2148
117 2485
117 2523
117 1839
117 1888
118 1573
118 1601
118 869
118 1004
118 1046
118 1172
119 1083
119 1172
119 1573
119 2523
119 2545
119 2779
119 3296
119 1839
120 1083
120 1172
120 499
120 837
120 869
120 1004
121 2225
121 2523
121 620
121 3757
121 4941
121 4258
122 3049
122 3329
122 3724
122 2129
122 2485
122 2665
122 2807
122 2991
122 1839
122 2523
122 4258
122 587
123 1590
123 1638
123 869
123 1004
123 1172
123 1573
123 2485
124 2227
124 3049
124 4991
124 1089
124 4389
124 3329
124 3329
124 587
124 1837
124 1046
124 1811
124 1046
125 1461
125 2192
125 2991
125 4903
125 4941
125 1811
125 1839
125 1888
125 2148
125 2523
126 2685
126 1837
126 2129
126 4466
126 3049
126 2523
126 400
126 587
126 400
126 587
126 3049
127 1004
127 1046
127 1083
127 1172
127 1888
127 2523
127 1318
127 1573
127 1172
127 1573
128 737
128 2565
128 700
128 4389
128 2341
128 1046
128 1811
128 1089
128 3539
128 1811
128 1837
128 1811
129 352
129 4501
129 2315
129 710
129 1469
129 620
129 1641
129 3757
129 620
129 1794
129 3134
130 869
130 1004
130 1083
130 1172
130 1573
130 1573
131 1573
131 3361
131 1004
131 4894
131 4941
131 1839
132 2060
132 4578
132 1089
132 3990
132 1046
132 2523
132 1573
132 1839
132 1888
132 2087
132 2523
132 3757
133 1888
133 2192
133 3632
133 4941
133 4903
133 2523
133 1172
133 1573
133 2523
133 1172
134 400
134 2941
134 3329
134 587
134 3049
134 1839
134 2523
135 1573
135 1590
135 1172
135 1888
135 3632
135 4903
135 4941
135 1888
136 1172
136 1212
136 1839
136 1888
136 2523
136 2545
136 2523
136 1573
136 2485
136 2523
137 1172
137 1573
137 1590
137 1601
137 1811
137 1839
137 2148
137 2485
138 454
138 377
138 968
138 1004
138 1046
138 1083
138 1172
138 1573
139 869
139 968
139 1004
139 1172
139 1573
139 1590
139 1590
139 1839
139 1888
139 2523
139 2545
140 2087
140 2485
140 4439
140 3974
140 4139
140 1573
141 968
141 1004
141 1172
141 1573
141 1590
141 869
141 2523
141 1839
141 2523
142 108
142 1844
142 2540
142 3971
142 394
142 2523
142 1839
142 2192
143 3485
143 269
143 48
143 1041
143 3632
144 1046
144 1296
144 2730
144 775
144 1811
144 2523
144 3329
144 1811
144 2523
146 1504
146 4286
146 4355
146 1169
146 493
146 70
146 2816
146 4487
146 3660
146 146
146 2934
149 1590
149 2485
149 4329
149 3181
149 832
149 2148
149 2523
150 1172
150 2485
150 1573
150 1839
150 188
150 682
150 2523
150 3296
150 1888
150 2523
150 824
151 1844
151 4148
151 840
151 632
151 809
151 1482
151 2540
151 1839
151 1888
151 3632
152 4957
152 1601
152 869
152 1004
152 1046
152 1083
152 1172
153 1888
153 2087
153 837
153 1172
153 1573
153 1590
153 866
154 1839
154 2129
154 3049
154 3959
154 1590
154 1712
154 1837
154 2523
155 1842
155 3405
155 1316
155 1083
155 1811
155 1839
155 1888
155 3296
155 4326
155 4941
156 4258
156 4438
156 1839
156 1888
156 2087
156 4941
156 1837
156 1839
156 1888
157 2730
157 3872
157 3154
157 4266
157 2341
157 1811
157 2523
157 211
158 3884
158 3678
158 4525
158 4963
158 1417
158 4262
158 4048
158 4262
158 4281
158 1842
159 2665
159 824
159 1578
159 1888
160 2941
160 3329
160 587
160 3049
160 1046
160 2523
160 1837
160 2129
160 2523
161 2779
161 1417
161 3987
161 2523
161 3632
161 2523
161 4903
161 4941
162 358
162 400
162 2769
162 2523
162 2991
162 3049
162 3329
162 3049
163 3294
163 1842
163 499
163 1601
163 1839
163 1888
163 1988
163 2148
163 2523
163 1573
164 4389
164 2905
164 2779
164 1046
164 1296
164 1811
164 2523
164 2730
164 1811
164 1839
164 2523
164 1811
164 2523
165 869
165 968
165 1004
165 1172
165 1573
165 1590
165 2523
165 1839
166 1172
166 1573
166 1590
166 1839
166 3329
166 4258
166 2485
166 2523
166 1811
166 2523
166 3296
168 2485
168 3049
168 3329
168 3539
168 1839
168 2129
168 2523
168 1839
168 2129
169 4903
169 412
169 1839
169 2725
169 2523
169 2665
169 824
169 3632
169 2991
172 1089
172 2493
172 400
172 3539
172 1839
172 2129
172 3049
172 3329
172 2730
173 1845
173 3564
173 248
173 1162
173 2127
173 3112
173 4466
173 2129
173 400
173 1046
173 1811
173 2129
173 1811
173 2779
174 2223
174 2001
174 3044
174 4923
174 2680
174 394
175 2192
175 1318
175 796
175 1839
176 2540
176 824
176 837
176 1212
176 1839
176 2523
177 1212
177 1573
177 1004
177 1172
177 1573
177 1590
178 60
178 1126
178 4231
178 3465
178 2070
178 3757
178 3974
178 620
178 3757
179 869
179 1004
179 1172
179 1172
179 1573
179 1601
179 1839
179 1888
179 2087
179 2523
179 2545
181 2337
181 2982
181 2779
181 2317
181 4293
181 2129
181 400
181 1890
181 1811
181 2129
181 2730
182 1046
182 2779
182 499
182 1573
182 1839
182 1888
182 2087
183 4937
183 562
183 1393
183 394
183 3345
183 857
183 3632
183 1046
183 2523
183 1318
183 2523
183 3632
183 2523
184 3049
184 4466
184 2730
184 2779
184 2129
184 2523
184 400
184 1046
184 587
184 1573
185 1046
185 1573
185 2485
185 4518
185 4644
185 1839
185 2523
185 1888
185 2523
185 2545
186 797
186 2485
186 1839
186 2523
186 3632
186 796
186 1639
186 2192
186 2472
186 4629
187 4648
187 4873
187 1318
187 211
187 796
187 2472
187 2523
188 226
188 1212
188 3632
188 2192
188 2523
188 2665
188 4249
189 4903
189 2527
189 1888
189 2087
189 2523
189 2779
189 3632
190 2685
190 4392
190 1811
190 2779
191 778
191 869
191 968
191 1004
191 1046
191 1172
191 1573
191 1839
191 1888
191 2087
191 2148
191 2294
191 968
191 1004
192 2665
192 2991
192 562
192 1639
192 2215
192 3757
192 3632
192 2523
192 1839
192 2523
192 1172
192 1573
192 1839
192 2523
192 1172
193 2991
193 3296
193 4941
193 165
193 1839
193 1573
193 1839
193 1888
194 4466
194 1837
194 3632
194 824
194 2730
194 3724
194 4457
194 983
194 1316
194 775
194 1316
195 2127
195 3112
195 3564
195 1811
195 2341
195 1712
195 1837
195 3049
196 4389
196 3329
196 4715
196 210
196 1811
196 1839
196 2129
196 3049
198 4525
198 4963
198 3959
198 4224
199 1046
199 1172
199 1811
199 1839
199 2087
199 2523
199 1888
199 2523
199 2545
199 2990
200 2485
200 2499
200 2523
200 2545
200 1046
200 1573
201 275
201 857
201 2472
201 587
201 1839
201 2523
201 620
202 2294
202 4139
202 2523
202 3705
202 1831
202 824
202 1839
202 1573
202 1839
202 1172
203 4991
203 2227
203 700
203 2129
203 2973
203 1811
205 1172
205 1573
205 512
205 587
205 869
205 1004
205 1046
205 1083
206 269
206 1041
206 3045
206 324
206 2523
206 1172
206 2523
206 4258
206 3485
206 4366
206 3632
207 1573
207 1601
207 499
207 869
207 1004
210 1573
210 1888
210 824
210 837
210 1172
210 1839
211 1573
211 1590
211 499
211 512
211 1004
211 1172
212 4249
212 1839
212 2523
212 3632
212 1573
212 1590
212 1888
212 2087
213 4973
213 3329
213 3448
213 69
213 1839
213 579
213 499
213 1573
213 1811
213 2523
214 2087
214 2523
214 2545
214 1573
214 1839
214 1888
214 2485
215 2523
215 3632
215 4941
215 2507
215 4648
215 1573
215 1839
215 1888
215 2087
215 2485
215 1573
215 1839
216 587
216 2227
216 3049
216 4991
216 1089
216 3329
216 4617
216 3329
216 1046
216 1811
216 2129
216 1089
216 3329
216 4389
217 1888
217 2523
217 4101
217 2087
217 2148
217 2485
217 1172
217 1318
217 1839
218 3388
218 2278
218 2838
218 2485
218 2499
218 2485
218 2523
219 1393
219 2485
219 2941
219 4937
219 2523
219 1811
220 1573
220 74
220 2523
220 1004
220 1172
221 2665
221 4903
221 4941
221 1212
221 1590
221 3705
221 1573
221 1839
222 2326
222 1930
222 3353
222 1409
222 2227
222 3539
222 1046
222 211
222 3329
222 4617
223 512
223 778
223 869
223 1004
223 1573
223 1839
223 2523
223 2485
223 2523
224 1811
224 400
224 4389
224 1409
224 2905
224 1046
224 1172
225 499
225 3361
225 779
225 185
225 1363
225 4224
225 1573
225 1601
225 1839
225 1888
225 2523
226 1172
226 1573
226 824
226 837
226 1083
226 1573
226 1601
227 968
227 1004
227 1172
227 1590
227 1573
227 1590
227 2485
227 2523
227 1839
227 1888
227 2523
227 2991
227 3296
227 3361
227 4941
229 1573
229 1601
229 4249
229 4258
229 2129
230 1888
230 1693
230 1844
230 4148
230 840
230 1172
230 2523
230 3632
230 4903
230 1212
230 1839
231 2223
231 2001
231 3044
231 3632
231 3987
231 2192
231 914
233 4903
233 3987
233 3417
233 1639
233 2665
233 3632
233 2523
234 1393
234 4941
234 3757
234 4139
234 1172
234 1839
234 2129
234 2225
236 2472
236 4456
236 169
236 3717
236 400
236 620
236 2523
236 1839
238 1083
238 1601
238 1811
238 1004
238 1172
238 1318
238 1573
239 211
239 1089
239 1440
239 4466
239 3724
239 3717
239 2129
239 3049
239 2730
239 3329
239 1811
239 2730
240 1811
240 2485
240 2545
240 3296
240 1172
240 1573
240 1601
240 1888
240 2523
240 1573
241 3049
241 3329
241 69
241 1645
241 587
241 1837
241 400
241 2129
241 587
241 4389
241 400
242 1842
242 3405
242 1316
242 1083
242 99
242 824
242 1839
242 1888
242 400
243 1172
243 1318
243 837
243 869
243 1004
244 1590
244 1712
244 2991
244 3296
244 3361
244 1839
244 1172
244 1573
244 2523
245 2770
245 4474
245 2337
245 2982
245 2779
245 2317
245 1837
245 1811
245 2730
246 2369
246 7
246 69
246 1811
246 3283
246 1890
246 1329
246 2523
246 2472
246 2129
246 3049
246 211
248 2680
248 914
248 211
248 824
248 1839
248 1888
248 2523
248 4249
248 4258
249 4572
249 1046
249 3724
249 2730
249 737
249 3049
249 3329
249 4889
250 1046
250 1172
250 2523
250 2545
250 2779
250 3165
250 3296
250 3329
250 3717
251 3049
251 4258
251 2665
251 1839
251 2129
252 3717
252 857
252 1521
252 211
252 2523
252 3632
252 824
253 4937
253 3632
253 2815
253 1888
256 2523
256 2991
256 3591
256 3632
256 2680
256 1839
256 1888
256 2087
256 2485
256 1573
256 1839
256 1888
258 4756
258 210
258 4694
258 700
258 1046
258 700
258 211
258 1046
258 4457
258 2730
258 211
259 2192
259 1318
259 796
259 2523
259 3632
260 968
260 1004
260 1172
260 2523
260 2665
260 2807
260 2991
261 2815
261 2584
261 1044
261 3296
261 1083
261 1172
261 1573
261 1590
261 1839
261 1888
262 968
262 1573
262 1888
262 2665
262 2991
262 4249
262 4941
262 1839
262 2523
262 1172
262 1839
262 2523
262 1172
262 1839
263 548
263 824
263 1639
263 4545
263 2306
263 3110
263 3632
263 2523
263 1839
263 1888
263 2523
264 1172
264 1601
264 2485
264 2499
264 2523
264 2545
264 1573
264 1839
264 1888
264 2087
264 1573
265 3705
265 2001
265 3321
265 4903
265 1639
265 2523
265 3632
265 824
265 3632
265 2192
266 775
266 983
266 1316
266 2316
266 400
266 587
266 1811
266 2523
267 2545
267 1172
267 3965
267 978
267 801
267 2499
267 2087
267 1573
267 2485
267 2523
267 1573
267 1839
267 1888
267 2087
268 968
268 1172
268 499
268 512
268 587
268 1837
268 1839
268 1888
270 3632
270 1461
270 824
270 2523
270 4903
270 394
272 4456
272 1378
272 2665
272 2523
272 4249
273 4973
273 1590
273 837
273 3705
273 2991
273 3361
273 4224
274 1573
274 1601
274 1811
274 1083
274 1172
274 1839
274 1888
275 1837
275 1440
275 2905
275 2779
275 400
276 112
276 499
276 837
276 837
277 1212
277 1573
277 1004
277 1046
277 1172
277 2087
277 2523
277 2665
277 2991
278 1461
278 3417
278 2991
278 2523
280 1004
280 1172
280 499
280 824
280 837
280 1590
280 2087
281 3049
281 3296
281 3329
281 3465
281 4258
281 3974
281 3757
281 2523
281 1573
281 1839
281 2523
281 1839
282 4903
282 4923
282 108
282 2665
282 4249
282 2523
282 1172
282 1573
282 1839
283 1172
283 1573
283 499
283 587
283 869
284 3632
284 4648
284 1173
284 796
284 2023
284 2523
284 1172
284 1573
285 620
285 2294
285 3049
285 2730
285 400
286 1888
286 2485
286 2523
286 4644
286 4903
286 2545
286 2779
286 1811
286 1839
287 2779
287 4629
287 3739
287 2507
287 3917
287 2523
287 3632
287 1839
287 1888
287 2523
287 3632
288 1296
288 1440
288 3724
288 700
288 3539
288 1837
288 2129
288 400
288 2129
289 1318
289 3485
289 1172
289 1573
289 1888
289 2087
289 2485
289 2523
289 71
289 2499
290 587
290 1837
290 3049
290 3329
290 3724
290 2129
290 400
291 2305
291 400
291 2730
291 1837
291 3049
291 2523
292 3998
292 1789
292 1547
292 1617
292 2340
292 3780
292 913
293 1590
293 1712
293 512
293 1172
293 1573
293 1172
293 1573
295 3183
295 3717
295 857
295 1521
295 1318
295 1318
295 2523
295 1573
295 4258
297 905
297 869
297 185
297 2991
297 3296
297 3361
297 4326
297 1004
297 1172
297 1573
297 1811
297 2523
297 1172
298 4249
298 2827
298 3987
298 1839
298 2192
298 1172
298 1573
299 1573
299 4648
299 1578
299 1888
299 2986
299 4837
299 2376
299 4169
299 2523
299 4903
299 2523
300 4903
300 3987
300 3417
300 796
300 1639
300 2523
300 3632
301 2129
301 3724
301 3987
301 1837
301 2472
301 2779
301 1089
301 211
301 2730
301 2523
301 1811
301 2523
301 1046
302 1046
302 797
302 3987
302 1811
302 1839
302 2523
302 2545
302 2779
302 3539
302 211
303 1004
303 1172
303 1837
303 1839
303 2087
303 1590
303 1839
304 4991
304 2227
304 587
304 587
304 3329
304 3049
305 4466
305 2730
305 2523
305 2545
305 2779
305 2730
306 4894
306 4903
306 1888
306 824
307 1521
307 3717
307 211
307 3596
307 1089
307 1318
307 2472
307 2523
307 1046
307 2523
308 4874
308 837
308 1839
308 4224
308 281
308 1888
308 2087
308 2523
310 3539
310 1409
310 3226
310 1089
310 4991
310 2227
310 3329
311 2034
311 2973
311 400
311 2472
311 2129
311 737
311 4466
311 1837
311 3049
311 3329
311 1046
311 1837
311 2730
311 2523
312 1639
312 2192
312 3987
312 2991
312 3757
312 4844
312 4937
312 2523
312 3632
312 1172
312 2523
313 2305
313 48
313 1041
313 4873
313 4366
313 1172
313 1318
313 1573
313 1573
313 1839
313 1888
313 2523
313 3632
313 2523
314 1997
314 400
314 4466
314 2730
314 1440
314 2129
314 4466
314 2129
314 3049
315 3632
315 2472
315 1318
315 1046
315 3296
315 211
316 1839
316 1888
316 2523
316 4903
316 1578
316 3691
316 1573
316 1590
316 1172
316 1573
316 1811
316 1573
316 1811
317 1811
317 2097
317 2148
317 2523
317 2545
317 3165
317 3361
317 1172
317 1573
317 1839
317 1573
317 1888
318 512
318 778
318 1004
318 1046
318 1573
318 1888
318 2523
319 4903
319 1839
319 2665
319 1212
319 3591
319 2991
319 1888
319 2523
319 1888
320 400
320 499
320 1837
320 2129
320 3049
320 2523
320 1839
320 1172
320 1839
320 2523
320 3049
321 2523
321 4258
321 4648
321 1041
321 1839
321 1888
321 2087
322 211
322 3183
322 3717
322 3757
322 3344
322 3465
322 587
322 1172
323 499
323 885
323 2545
323 3361
323 2485
323 2523
323 3361
323 3539
323 1046
324 211
324 1837
324 4244
324 3341
324 3329
324 587
324 1811
324 1839
324 2129
324 4466
324 1089
326 824
326 3705
326 796
326 2192
326 2540
326 1378
326 2523
326 1839
326 1888
326 2523
326 3632
326 2523
326 3632
327 512
327 1712
327 3211
327 4508
327 488
327 3296
327 2991
327 2523
327 2545
328 2523
328 4329
328 4973
328 3717
328 1601
328 1811
328 1839
328 1573
328 1839
328 1888
328 2148
328 2485
329 1573
329 1590
329 1712
329 1837
329 1004
329 1172
329 1888
330 1046
330 4889
330 1997
330 1089
330 1890
330 1811
331 2523
331 2545
331 1172
331 1573
331 1888
331 2087
331 2148
331 2485
333 1837
333 1839
333 3632
333 3965
333 1590
333 1811
333 2523
333 2991
333 1172
333 1573
333 2523
334 3336
334 275
334 3990
334 1172
334 1573
334 1839
334 4903
335 3049
335 3329
335 4258
335 1172
335 1573
335 1811
335 1839
335 2523
335 2665
336 4266
336 3274
336 2730
336 3539
336 3048
336 4466
336 211
336 2973
336 1046
336 1811
336 2129
336 1837
336 2129
336 1811
337 3632
337 1578
337 1693
337 4135
337 2523
337 2192
337 1839
338 1845
338 3564
338 248
338 1162
338 2127
338 3112
338 2129
339 837
339 2186
339 866
339 3907
339 968
339 1573
339 1811
339 1839
339 2485
340 1573
340 1601
340 837
340 869
340 1004
340 1590
340 1712
341 1461
341 4545
341 1888
341 4903
341 412
341 1839
341 2523
341 3632
341 2523
342 4518
342 4973
342 1646
342 2990
342 2990
342 3539
342 1811
342 2097
343 4545
343 824
343 3705
343 796
343 2192
343 4894
343 2523
343 1172
343 1573
344 857
344 3757
344 620
344 4139
344 2523
344 3049
344 3632
344 1888
344 1839
344 2523
344 2545
344 2779
346 857
346 211
346 158
346 3739
346 2523
346 3632
346 2523
346 3049
346 3329
346 1318
346 3632
346 824
348 1004
348 1172
348 1839
348 2087
348 1046
348 1083
348 1573
349 2797
349 2665
349 2485
349 2523
349 2779
349 3632
349 620
349 1284
349 2523
350 3154
350 4266
350 2341
350 4389
350 1046
350 1811
350 1839
351 4258
351 71
351 2523
351 3329
351 4941
351 3049
351 3296
351 3632
351 4903
351 2129
352 3632
352 3987
352 3296
352 1573
353 1169
353 493
353 70
353 2816
353 493
353 70
353 2816
353 4487
353 4176
353 4487
353 3660
353 146
353 2934
354 4170
354 1837
354 587
354 3049
354 3049
354 3329
355 562
355 4894
355 4629
355 797
355 211
355 824
355 2523
355 2523
355 1046
356 340
356 69
356 4389
356 1046
356 1811
356 3361
356 1046
356 4715
356 3329
356 4715
356 210
357 1212
357 1573
357 1638
357 1172
357 1839
357 1888
357 2523
357 1839
357 1172
359 3705
359 3591
359 108
359 2665
359 2991
359 4249
360 1046
360 1393
360 2485
360 2941
360 4937
360 2523
360 1172
361 1046
361 1747
361 2523
361 211
361 1811
361 1839
361 1888
361 2485
361 587
361 1837
361 1839
361 1888
362 2011
362 2385
362 2937
362 4977
362 210
362 4389
362 2730
362 1811
362 2129
362 2779
362 4466
363 2148
363 2499
363 2523
363 2545
363 3350
363 1573
363 1888
363 2485
363 1573
363 1839
363 1888
363 2485
365 1083
365 1573
365 837
365 869
365 1004
365 1172
365 1573
365 2087
366 1046
366 1811
366 2779
366 2523
366 3049
366 69
366 587
367 1046
367 1573
367 1712
367 3361
367 4329
367 1044
367 1004
367 1172
367 1839
368 512
368 1004
368 1172
368 1573
368 1590
368 1839
368 2523
368 1888
368 2523
368 2545
368 2665
368 869
370 1573
370 2485
370 3757
370 3344
370 4139
370 1046
370 2523
371 4392
371 3329
371 3717
371 4937
371 2523
371 587
371 1046
371 1172
371 1837
371 2129
372 397
372 2797
372 1541
372 2294
372 837
372 1573
372 1839
372 1888
372 2523
372 1172
372 1573
373 2523
373 3632
373 1573
373 1590
373 2499
373 2485
373 2499
373 1811
373 1839
374 3329
374 4258
374 2991
374 2485
374 2523
374 400
374 69
374 587
375 778
375 869
375 968
375 1004
375 1172
375 1573
375 1590
375 2523
375 1839
375 2523
375 1888
375 2523
376 1839
376 4903
376 1311
376 3321
376 3705
376 3757
376 2523
376 824
376 1172
376 2523
376 1172
376 2523
376 3632
376 1172
377 1573
377 1590
377 1046
377 2523
379 1143
379 1284
379 620
379 3757
379 2523
379 3757
379 3974
380 869
380 1004
380 1046
380 1811
380 1839
380 1888
380 2087
381 824
381 1639
381 4545
381 2306
381 3110
381 1461
381 2523
381 3632
381 3987
382 2523
382 2545
382 2779
382 3539
382 2148
382 2485
382 837
382 1046
382 1083
384 2357
384 400
384 2129
384 2011
384 2385
384 587
384 2730
385 1590
385 960
385 3298
385 1260
385 1226
385 1011
385 1988
385 2087
385 2148
385 3361
385 4941
385 2087
386 1839
386 4923
386 1004
386 1172
386 3296
386 3361
386 4941
386 1573
386 1888
387 1573
387 1590
387 499
387 1004
387 1172
387 1590
388 4545
388 1319
388 1839
388 1212
388 1573
388 4873
388 4941
390 1888
390 1041
390 4873
390 4903
390 2523
390 4941
390 2523
390 1573
391 1839
391 579
391 587
391 1573
391 1712
391 1811
391 1888
391 2665
393 4873
393 3632
393 3049
393 587
393 4903
393 4941
393 499
393 824
393 1839
393 2991
395 4069
395 682
395 2294
395 2797
395 1573
395 3107
395 4903
395 1839
395 1888
395 2087
395 1573
396 3774
396 3110
396 1461
396 1483
396 1223
396 71
396 4368
396 2192
396 2523
396 3632
396 3987
397 2485
397 2523
397 3154
397 3757
397 4644
397 1046
397 1172
397 1573
397 1839
398 1712
398 1837
398 587
398 1172
398 1839
398 2129
400 869
400 1004
400 1046
400 1172
400 1839
400 2523
400 1046
401 2087
401 2097
401 1083
401 1172
401 1839
401 1888
401 2097
402 968
402 1004
402 1172
402 1573
402 1590
402 1712
402 869
402 1046
402 1839
402 1888
402 2523
402 1839
403 2060
403 4578
403 1089
403 4439
403 1318
403 1573
403 1839
403 1888
404 512
404 4545
404 1712
404 1837
404 1839
404 2129
405 1212
405 1573
405 1590
405 1172
405 1839
405 1888
405 2523
406 1311
406 3294
406 4844
406 1318
406 2603
406 2523
406 2991
406 2523
406 3632
407 3329
407 211
407 1089
407 1440
407 4466
407 3724
407 1811
407 2730
407 400
407 1837
407 2129
407 2730
407 2129
407 2730
408 2294
408 2797
408 2665
408 1378
408 1839
409 2827
409 3987
409 1839
409 1888
409 2523
409 1888
409 2087
409 2523
410 853
410 1316
410 1577
410 1712
410 1837
410 1839
411 1046
411 1083
411 1172
411 1318
411 1601
411 1839
411 2523
411 2545
411 1573
412 4903
412 1172
412 1573
412 1657
412 1318
412 1839
412 2523
412 1888
412 2087
412 2485
412 2523
413 1237
413 4844
413 1677
413 4941
413 4873
413 796
413 2258
413 2523
413 1839
413 2523
413 1839
414 1811
414 1839
414 499
414 1172
414 1573
414 1839
414 1172
414 1573
414 2485
414 3165
415 1712
415 1837
415 499
415 587
415 2730
415 2523
416 1212
416 1573
416 1573
416 1590
416 1888
416 2087
416 2148
416 2485
416 3049
417 2991
417 4102
417 1417
417 4495
417 205
417 4169
417 1842
417 1573
417 1888
417 4941
417 1573
417 1590
417 1839
419 840
419 2665
419 2545
419 3485
419 4249
419 2523
419 3632
419 2523
419 1839
419 1888
420 3479
420 3724
420 2469
420 4379
420 4536
420 4694
420 3329
420 1811
420 211
420 210
420 1811
420 3539
420 211
421 968
421 1004
421 587
421 778
421 1004
421 1046
422 1712
422 1837
422 1839
422 1004
422 1046
423 1083
423 1172
423 1573
423 1811
423 1839
423 2485
423 2523
423 2485
423 2523
423 2545
424 1318
424 211
424 796
424 2523
424 1839
424 1046
425 4889
425 4580
425 71
425 587
425 2730
426 2523
426 2991
426 4249
426 4844
426 1172
426 1212
426 1839
426 1172
426 1318
426 1573
426 1839
427 4518
427 3361
427 1573
427 1601
427 4903
427 1888
427 2087
428 1839
428 4238
428 4178
428 4894
428 2295
428 2523
428 1212
428 2523
428 2665
428 4249
428 4903
429 3632
429 4258
429 1578
429 1837
429 400
429 2523
429 1839
429 2523
429 1172
430 1046
430 1083
430 1172
430 837
430 869
430 1004
430 1573
430 2523
430 2545
430 2779
431 2087
431 1590
431 1888
432 1004
432 1046
432 1083
432 512
432 778
432 869
432 1172
433 4466
433 2730
433 1590
433 1638
433 1712
434 2991
434 4366
434 3632
434 1578
434 4258
434 1839
435 1461
435 3344
435 2129
435 4937
435 3724
435 2523
435 1573
435 2523
435 3632
435 2523
436 775
436 910
436 3049
436 2472
436 2730
436 2225
436 675
437 2472
437 4889
437 4258
437 2129
437 2523
437 3049
437 211
441 1747
441 3049
441 3226
441 4389
441 3539
441 210
442 4302
442 1863
442 2472
442 2485
442 4258
442 1172
442 1573
444 1083
444 1318
444 499
444 1888
444 2485
444 2523
444 3632
444 1839
444 1888
444 2087
446 837
446 1046
446 1172
446 1318
446 1083
446 1573
446 1601
446 1888
447 3539
447 4567
447 4617
447 700
447 1296
447 2779
447 1811
447 2779
448 4326
448 4941
448 1172
448 1573
448 1601
448 1811
450 4249
450 2523
450 796
450 1839
450 1888
450 2087
450 2665
451 1004
451 1046
451 499
451 837
451 869
451 2523
452 869
452 1004
452 1083
452 1172
452 1172
452 1573
452 1839
453 2153
453 2941
453 211
453 1393
453 796
453 1318
453 3344
453 2523
453 3632
453 2523
454 1839
454 1888
454 2665
454 4873
454 4941
454 2376
454 71
454 4903
454 1172
455 1888
455 587
455 1839
455 2685
455 2523
455 1172
456 1004
456 1172
456 1590
456 587
456 869
456 1046
456 1083
457 4572
457 1046
457 1296
457 2357
457 3717
457 587
457 2129
457 2523
457 4903
457 3539
457 210
458 4238
458 4545
458 1839
458 3632
458 3321
458 824
458 3632
458 1172
459 3049
459 3353
459 2523
459 4715
459 1046
459 1811
459 1839
459 1046
459 211
460 4293
460 1296
460 108
460 2523
460 587
460 1837
460 2730
460 210
461 1712
461 2294
461 2665
461 2991
461 3987
461 2192
461 2680
461 2523
461 1839
462 2523
462 394
462 1639
462 4903
462 3632
462 4903
463 1461
463 1800
463 3965
463 824
464 4258
464 71
464 1590
464 4941
464 400
464 499
464 837
465 1172
465 1212
465 1573
465 1590
465 1083
465 1839
465 1888
465 2087
465 2523
465 1318
465 1839
466 2905
466 1296
466 3539
466 2523
466 4894
466 2523
466 211
466 1811
466 2129
467 1004
467 1172
467 2225
467 2294
467 2485
467 2499
467 2523
467 2779
469 840
469 4844
469 1839
469 2523
469 3591
469 4249
469 4258
469 2991
469 2192
470 1212
470 1417
470 2523
470 3479
470 4903
471 1712
471 1811
471 1839
471 1172
471 1573
471 1046
471 1172
471 1573
471 1839
472 4466
472 2730
472 3049
472 2129
472 4572
472 3724
472 1089
472 3329
472 4266
473 869
473 1004
473 1172
473 1316
473 1811
473 1811
473 1839
473 2523
473 2779
474 1811
474 2523
474 2779
474 2730
474 869
474 1573
474 1839
474 1004
474 1046
474 1083
475 2192
475 213
475 4648
475 2306
475 3322
475 1461
475 1839
475 2523
475 1839
477 1573
477 1590
477 1712
477 1004
477 2523
477 1811
477 1839
478 1046
478 1083
478 1318
478 1573
478 1172
478 1573
478 2485
478 2523
478 2545
478 1573
478 1811
478 1839
479 275
479 400
479 587
479 968
479 1573
479 1590
479 1839
479 2523
479 3049
479 2523
480 1837
480 1839
480 2294
480 2485
480 2523
480 2523
480 1172
480 1573
481 4941
481 4389
481 2326
481 1930
481 3353
481 1409
481 2227
481 400
481 1837
481 1046
481 1811
482 1839
482 2087
482 2523
482 2665
482 3154
482 1573
482 1811
482 1888
482 2485
482 2545
484 587
484 778
484 968
484 1004
484 1046
484 2523
484 2665
485 2129
485 2523
485 587
485 1837
485 1811
485 1839
485 2523
487 3049
487 3361
487 2730
487 2129
487 2148
487 2485
487 2523
487 1837
487 2485
487 2523
488 1521
488 4889
488 2485
488 2523
488 211
488 1837
488 211
488 1046
488 1811
489 4258
489 1172
489 1888
489 2472
489 2523
489 1839
489 2523
489 1046
490 400
490 2357
490 4466
490 2973
490 2523
490 1837
490 2129
490 2523
491 1417
491 1263
491 3987
491 796
491 1172
491 4629
492 2545
492 2779
492 2192
492 1318
492 2523
492 1839
492 1888
492 2523
492 3632
492 2523
492 1888
494 4629
494 1388
494 2540
494 3110
494 2665
494 4249
494 1172
495 857
495 3757
495 620
495 275
495 3717
495 2523
495 4258
495 2523
495 1839
495 2523
496 2991
496 4102
496 1417
496 4495
496 205
496 4169
496 4648
496 1573
496 1590
496 1839
498 1888
498 400
498 1837
498 2523
498 1172
498 1573
498 2485
498 2523
498 2991
499 3717
499 4194
499 648
499 2523
500 775
500 2129
500 2357
500 1839
500 275
500 400
500 587
500 1004
500 1046
500 1811
500 2779
500 1811
500 2730
501 3345
501 4844
501 1461
501 796
501 210
501 1172
501 1573
501 1839
501 2523
501 3632
502 4545
502 1842
502 3405
502 1316
502 1083
502 1172
502 1601
502 1839
502 1888
502 2523
502 1839
502 2523
502 3296
502 1888
503 2730
503 1316
503 1379
503 400
503 3329
503 1811
503 4572
503 3724
503 2129
503 211
504 2306
504 48
504 1461
504 2192
504 3417
504 1573
504 3632
504 2523
504 3632
504 2523
504 3987
504 2523
504 1839
505 1573
505 1590
505 499
505 837
505 869
505 1004
506 1461
506 2523
506 3049
506 2905
506 3329
506 2769
506 587
506 1811
506 1839
506 2129
507 2192
507 2540
507 1378
507 1417
507 1639
507 2523
508 1046
508 4648
508 1573
508 1083
508 1172
508 1573
508 1601
509 914
509 4239
509 608
509 2187
509 1070
509 3597
509 3588
509 2192
509 1461
509 4366
509 2192
509 824
510 1638
510 1839
510 1888
510 2485
511 869
511 968
511 1004
511 1172
511 1573
511 1573
511 1590
511 2523
511 1839
512 1046
512 1997
512 1837
512 866
512 1089
512 2685
512 2129
512 2523
512 3049
512 3329
513 682
513 2294
513 2797
513 1011
513 1839
513 1888
513 2523
514 1639
514 1461
514 3344
514 2129
514 4937
514 3724
514 2730
514 2523
514 1839
514 2523
516 3345
516 4844
516 1461
516 796
516 210
516 2192
516 2523
516 3632
516 1573
516 1888
516 2523
516 3632
519 1004
519 1046
519 1083
519 1172
519 1318
519 1839
519 1888
519 2087
519 2523
519 1839
520 2153
520 2941
520 211
520 1393
520 796
520 1318
520 2523
520 3632
520 2523
520 1839
523 1811
523 1839
523 1888
523 2097
523 1046
523 1172
523 1573
524 1712
524 1837
524 1839
524 2129
524 2148
524 869
524 2523
524 1172
524 1573
524 2485
524 2523
524 2485
525 2060
525 4644
525 3447
525 4435
525 205
525 801
525 2721
525 968
525 1573
526 112
526 499
526 837
526 869
526 1004
526 1004
526 1573
526 1839
526 1888
526 2087
526 2485
527 2279
527 1639
527 2979
527 824
527 3717
527 914
527 1172
527 1839
528 1837
528 2730
528 2730
528 400
528 587
528 1172
528 1839
528 2129
529 1172
529 4224
529 1573
529 3296
530 1212
530 108
530 840
530 3591
530 4249
531 1004
531 1046
531 1083
531 869
531 2523
531 2545
531 2990
531 1837
531 1839
531 2087
533 512
533 587
533 778
533 3329
533 3361
534 842
534 2722
534 3193
534 3329
534 4791
534 2545
534 3361
534 4973
534 2485
534 2545
534 3361
534 2485
535 4629
535 3739
535 2507
535 3917
535 4521
535 3632
535 2523
535 3632
535 2523
535 3632
535 2523
535 3632
535 2523
536 2665
536 2807
536 2991
536 3296
536 1172
536 1573
536 1839
536 1888
536 2523
536 2485
536 2523
536 1839
536 1172
537 1811
537 1839
537 499
537 837
537 1046
538 3296
538 3632
538 2472
538 1318
538 1172
538 1573
538 1839
538 2523
538 1839
538 2523
538 2991
539 869
539 1004
539 1046
539 1083
539 1083
539 1811
539 1839
539 1888
539 2523
539 1811
540 4804
540 2675
540 3134
540 3974
540 4139
540 1771
540 3974
540 3134
540 4501
541 1483
541 2813
541 2153
541 1578
541 3881
541 4873
541 4873
541 1318
541 3632
541 1318
541 1888
541 2523
541 3632
542 1573
542 1601
542 824
542 837
542 869
542 968
542 1004
544 3045
544 2523
544 1639
544 856
544 226
544 1004
544 1172
544 1573
545 1318
545 620
545 4178
545 1041
545 1839
546 1260
546 4069
546 682
546 1910
546 2677
546 2087
546 1590
546 4941
546 1590
546 2087
546 837
546 1172
547 4466
547 3329
547 211
547 2129
547 310
547 2357
547 2973
547 400
547 587
547 1089
547 1811
547 1837
547 587
548 25
548 1601
548 1910
548 488
548 1046
548 1172
548 1573
548 2523
548 2545
548 3296
549 3717
549 4456
549 3987
549 2472
549 1461
549 2523
549 1318
549 2523
549 3632
549 1046
549 2523
549 3632
550 3987
550 2472
550 1461
550 3632
550 71
550 275
550 2523
550 1172
550 1573
550 1839
550 2523
551 1888
551 2097
551 837
551 869
551 1004
551 1172
551 1573
552 1573
552 1601
552 1811
552 1839
552 1004
552 1172
552 1839
553 587
553 1046
553 1083
553 1573
553 1811
553 2485
553 1839
553 2485
553 2523
553 1839
553 2485
554 1839
554 1888
554 2148
554 2485
554 2523
554 3165
554 3296
555 310
555 3049
555 4715
555 1573
555 837
555 1046
555 1811
555 1837
555 1046
555 1811
555 1839
556 857
556 1046
556 620
556 3465
556 2523
556 1318
556 1573
557 3479
557 1747
557 3049
557 587
557 3049
557 3329
557 4715
557 1046
558 3987
558 2192
558 2523
558 1888
558 824
558 1839
558 1888
559 3632
559 3987
559 4258
559 1417
559 1461
559 1639
559 1046
559 1573
559 1888
559 2523
560 1930
560 3226
560 1409
560 3539
560 1046
560 2225
560 1811
560 1837
560 211
560 1046
561 4536
561 1409
561 3539
561 587
561 4617
561 587
562 1089
562 2730
562 210
562 1046
562 1811
562 2779
562 3632
562 2523
563 4568
563 4302
563 1044
563 2797
563 2186
563 1082
563 1573
563 2485
563 2523
563 1573
563 2485
563 1573
563 2485
564 1988
564 3238
564 270
564 801
564 4545
564 4530
564 4894
564 2991
564 3296
564 4326
564 4941
564 1888
565 2523
565 2545
565 3350
565 3539
565 1046
565 1172
565 1573
565 1839
565 2485
567 1811
567 1888
567 2148
567 1172
567 1573
567 1839
567 2523
568 1888
568 270
568 1417
568 3405
568 2523
568 2991
568 3296
568 3632
568 2523
568 2991
568 4903
568 1839
570 4923
570 2797
570 1573
570 1590
570 1839
570 824
570 1578
571 4258
571 4941
571 1794
571 1888
571 2523
571 4903
572 2838
572 2815
572 48
572 1839
572 2523
572 3632
572 824
572 837
572 1573
572 1839
572 1888
572 2087
573 1008
573 2624
573 1380
573 2838
573 4848
573 169
573 1483
573 1573
573 1839
573 1888
573 1573
573 1590
573 1839
574 1212
574 1573
574 1590
574 1172
574 2087
575 2523
575 2545
575 2807
575 1573
575 837
575 869
575 1172
575 1573
576 1060
576 1331
576 1521
576 3344
576 3465
576 3757
576 2225
576 2523
577 1639
577 2680
577 3417
577 3987
577 2192
577 2665
577 2192
577 2523
577 824
577 2523
578 4245
578 1041
578 4844
578 4941
578 2341
579 3632
579 1172
579 1212
579 1590
579 1888
579 4249
579 4326
579 4941
579 2523
579 1888
579 2087
579 2148
580 3724
580 2523
580 1811
580 1839
580 2129
580 1837
580 2129
580 1811
580 1839
580 2129
581 1590
581 1712
581 1837
581 1839
581 1004
581 1839
581 2129
581 2523
581 2665
581 2991
582 4648
582 4466
582 499
582 185
582 2991
582 3296
582 4326
582 1811
582 1839
582 2523
582 1839
584 1890
584 587
584 1771
584 1811
584 4572
584 3717
584 1046
584 2523
584 211
584 1046
584 1172
584 2523
586 2523
586 1417
586 1839
586 2991
586 1461
586 1172
586 1573
586 1888
586 1004
586 1172
587 4029
587 294
587 1919
587 4169
587 4941
587 1172
587 1590
587 1172
587 1318
589 3361
589 4258
589 4973
589 3183
589 1590
589 1839
589 1888
589 2523
590 2485
590 1839
590 1573
590 1011
590 1811
590 2523
590 2545
591 2485
591 3049
591 3329
591 3539
591 2385
591 2523
591 1046
591 1811
591 1839
591 2523
591 1046
592 1839
592 1888
592 1046
592 1083
592 2523
593 1089
593 3329
593 4389
593 2905
593 3049
593 211
593 2523
593 2129
593 2973
593 1837
593 211
593 1811
595 2545
595 69
595 1046
595 1172
595 1573
595 1811
595 1839
595 2523
595 4903
596 108
596 4923
596 2523
596 809
596 3591
596 2523
597 2148
597 3780
597 682
597 2087
597 837
597 2485
597 2523
597 1172
597 1573
598 587
598 1811
598 1837
598 69
598 2769
598 983
598 1046
598 3329
598 211
598 1089
598 3329
599 2523
599 4844
599 3321
599 2991
599 3329
599 2192
599 1417
599 1639
599 4258
599 211
599 1318
599 1573
600 2485
600 2523
600 2991
600 3959
600 1839
602 2097
602 2545
602 3296
602 3361
602 3539
602 2148
602 2485
602 2523
602 1172
602 1573
602 1601
602 1811
604 3350
604 3539
604 4224
604 1811
604 2523
604 2545
604 3361
606 1004
606 4238
606 1573
606 1590
606 1888
606 2087
606 2097
606 2148
607 4903
607 3485
607 1639
607 4178
607 4258
607 4941
607 3632
607 1839
607 2523
607 4258
608 1318
608 3344
608 3632
608 2523
608 3632
608 2523
608 3632
609 1172
609 1573
609 499
609 1046
609 1083
610 1583
610 2053
610 2223
610 2827
610 1573
610 1839
610 2523
610 914
610 3987
610 4249
610 2192
611 2523
611 2665
611 4224
611 2148
611 2485
611 2991
612 2991
612 3296
612 4326
612 1839
612 1888
612 2485
613 2341
613 2685
613 400
613 275
613 3907
613 1089
613 3329
613 587
613 1837
613 2129
613 3049
613 3329
613 1837
614 1712
614 1837
614 824
614 1573
614 1590
614 1837
614 2129
614 3049
615 778
615 1004
615 1590
615 1888
615 2148
615 2485
615 2523
615 1839
615 2523
616 3539
616 210
616 2394
616 700
616 4389
616 3329
616 1811
616 1046
616 1811
616 1046
616 1811
617 210
617 1754
617 4572
617 1046
617 1296
617 2730
617 1811
617 2730
617 1811
617 2730
617 211
617 2730
619 586
619 1041
619 4456
619 4258
619 2523
619 3632
621 1712
621 3211
621 4508
621 488
621 3296
621 3296
621 2523
621 512
622 2730
622 2129
622 1440
622 3539
622 3049
622 2779
622 1046
622 1811
622 2523
625 4249
625 1482
625 4629
625 4238
625 1844
625 1461
625 2540
625 2523
625 1839
625 2523
625 1839
625 2523
625 1839
626 4139
626 1771
626 1060
626 1331
626 3183
626 3344
626 3465
626 3757
626 3465
626 3757
628 968
628 1004
628 1172
628 2523
628 2129
628 587
628 869
629 1212
629 2540
629 2523
629 824
629 1172
629 1573
629 3632
629 4903
630 1573
630 587
630 3717
630 857
630 1216
630 2523
632 2472
632 4889
632 4580
632 3632
632 1888
632 2523
632 3049
632 3329
632 1046
632 2523
632 211
632 2523
633 1172
633 1318
633 1601
633 837
633 1004
633 1573
633 2523
633 2665
633 2991
634 4648
634 1041
634 1573
634 1888
634 2087
635 1888
635 4903
635 412
635 1839
635 2725
635 824
635 2523
635 1172
635 1573
635 2523
635 2991
636 4249
636 1839
636 2523
636 2087
636 2485
637 1046
637 1573
637 1601
637 1811
637 1811
637 1888
638 2087
638 2485
638 2545
638 2665
638 1839
638 1888
638 2523
640 2523
640 2472
640 857
640 211
640 158
640 3739
640 3296
640 1046
640 1172
640 1573
640 1839
640 1888
640 3632
640 1046
640 1172
641 1380
641 964
641 2226
641 1573
641 2485
641 4258
641 2485
641 499
641 1573
641 2485
641 4258
642 2137
642 2540
642 824
642 4903
642 2523
642 4941
642 1888
642 2523
642 2192
642 4903
644 1237
644 4844
644 1677
644 4941
644 4873
644 796
644 2258
644 2523
644 3632
644 2523
644 3632
644 2523
644 1839
645 587
645 1004
645 1172
645 1573
645 1590
645 1839
645 1888
645 2485
646 2776
646 737
646 2371
646 1811
646 2523
646 2129
646 1837
646 400
649 1318
649 4894
649 4736
649 3648
649 824
649 1172
650 400
650 1573
650 1839
650 1888
650 2523
650 2545
650 2523
650 1172
650 2523
650 1172
650 2523
651 4326
651 1521
651 1578
651 2129
651 512
651 4941
651 2523
652 1840
652 885
652 988
652 1172
652 1573
652 1601
652 3361
653 2730
653 1811
653 2337
653 4293
653 2305
653 2937
653 2129
653 400
654 4873
654 1440
654 1172
654 1573
654 1888
655 4266
655 2341
655 275
655 587
655 1837
655 4389
655 2730
657 3361
657 3711
657 2527
657 1143
657 176
657 2523
657 1573
657 1590
657 2485
657 211
657 1046
657 2485
658 1534
658 4715
658 1089
658 3905
658 3329
658 210
658 775
658 1046
658 1811
658 1046
658 211
658 1811
658 400
659 1573
659 1839
659 2991
659 3361
659 4941
659 499
659 1811
659 1888
659 2523
659 2545
659 2523
660 838
660 4719
660 4430
660 3165
660 493
660 499
660 2485
660 1573
660 1046
660 1573
660 2485
660 1573
660 2148
660 2485
660 1573
661 400
661 499
661 587
661 778
661 1004
661 1172
661 1573
661 2485
662 3872
662 2523
662 4715
662 1837
662 1839
662 2129
662 3049
663 1443
663 3884
663 3678
663 4525
663 1842
663 4169
663 1842
663 2376
664 1578
664 2129
664 512
664 2991
664 3049
664 400
665 2087
665 2991
665 1461
665 1839
665 1888
665 2523
665 1004
665 1573
665 1839
665 1888
666 2385
666 4457
666 1839
666 2129
666 400
667 1046
667 1811
667 2523
667 4903
667 2341
667 1573
667 1888
668 2816
668 4487
668 837
668 869
668 1083
668 1172
668 1590
669 2779
669 214
669 2730
669 4466
669 2973
669 1639
669 2129
669 3724
669 2129
669 3724
669 2129
670 3746
670 1008
670 1083
670 4366
670 4648
670 3353
670 3296
670 1888
670 2523
670 1839
670 1888
670 2523
670 1573
672 2485
672 2941
672 4937
672 2192
672 1461
672 2472
672 2523
673 3591
673 3632
673 2680
673 4873
673 3987
673 4903
673 4941
673 1839
673 1888
673 2523
673 2991
673 4903
673 4941
674 1041
674 840
674 2730
674 3329
674 4941
674 1888
674 2523
674 2779
675 1172
675 1573
675 1601
675 1004
675 1046
675 2523
675 2087
675 2523
675 2545
675 2779
676 4957
676 1844
676 3044
676 1907
676 2523
676 1839
676 1888
676 2523
676 1839
676 1888
676 2523
676 2665
677 1004
677 1573
677 2807
677 2991
677 3296
677 4326
677 1839
677 2523
677 2665
677 1172
677 1839
678 1212
678 4512
678 2337
678 2128
678 4457
678 2730
678 4629
678 1046
678 1811
678 1839
680 4894
680 3757
680 3465
680 3705
680 2523
681 3405
681 1041
681 2523
681 394
681 1639
681 3321
681 3417
681 4238
681 1888
682 2540
682 4844
682 4325
682 1839
682 1212
682 4139
682 2192
682 4368
682 2523
682 3632
682 2523
682 1172
682 2523
683 3370
683 4181
683 340
683 69
683 3329
683 2227
683 3329
683 4389
684 4456
684 2011
684 3049
684 1811
684 2357
684 3049
684 3329
684 4466
684 2730
685 1004
685 1046
685 1083
685 1172
685 869
685 1172
685 1573
687 2905
687 981
687 1316
687 1811
688 4389
688 74
688 3353
688 3907
688 866
688 587
688 1046
688 2485
688 2523
689 1839
689 1461
689 4987
689 3321
689 796
689 3632
689 2523
689 1888
689 2523
689 4258
691 4644
691 1311
691 2225
691 4485
691 675
691 2523
691 1172
691 1573
691 2485
691 2523
692 1888
692 2523
692 3165
692 4224
692 1573
692 1839
692 2087
693 1888
693 2485
693 2545
693 2665
693 2807
693 2991
693 3296
693 1839
693 2523
693 1172
693 1573
695 512
695 587
695 778
695 869
695 1712
695 1811
695 2523
695 2665
695 2991
697 4617
697 327
697 1409
697 2779
697 3539
697 4389
698 2730
698 1318
698 2900
698 4231
698 1573
698 1601
698 1811
698 2523
698 2192
698 4629
698 1046
699 3907
699 866
699 3479
699 587
699 211
699 1811
699 1839
699 1888
699 2523
700 1046
700 1083
700 1172
700 1004
700 1172
701 1004
701 512
701 1271
701 3160
701 2306
701 2523
701 1839
701 2523
701 3296
702 4508
702 488
702 3296
702 2523
702 869
702 1004
702 2991
702 1004
702 1046
702 1083
703 499
703 2545
703 3350
703 3539
703 4224
703 1811
703 1839
703 2523
703 1839
703 1888
703 2087
704 512
704 3705
704 2294
704 4485
704 679
704 2523
704 1839
704 2523
704 1839
704 2129
704 2523
705 3361
705 4329
705 1839
705 1888
705 2087
705 2148
706 358
706 3717
706 2129
706 587
706 2730
706 4389
706 737
706 3724
706 3329
710 1837
710 1839
710 2294
710 2991
710 3049
710 2523
710 1172
710 1573
710 1590
710 2523
711 2523
711 2545
711 1172
711 1573
711 1839
712 3632
712 4903
712 188
712 4894
712 2991
712 4249
713 2485
713 2523
713 2472
713 4889
713 1318
713 3632
713 1046
713 1172
713 1573
713 1839
713 1172
714 4077
714 2434
714 3361
714 4224
716 1172
716 1573
716 1888
716 1590
716 2523
716 1839
716 1888
716 869
716 1004
717 3479
717 1842
717 4169
717 1461
717 1417
717 2991
717 3296
717 2991
717 3296
717 2991
717 3296
718 4873
718 394
718 2827
718 4366
718 4258
718 1888
718 2523
718 3632
718 2523
718 1888
719 1839
719 188
719 682
719 1011
719 1143
719 1573
719 1590
719 4941
719 2485
719 2523
719 1172
720 1601
720 1811
720 499
720 824
720 869
720 1172
720 1573
720 1811
720 1839
720 2523
720 2779
720 3165
721 3539
721 3757
721 4644
721 1573
721 2148
721 2485
722 837
722 2087
722 4903
722 4941
722 1888
722 1590
722 1839
722 1811
722 1839
722 2485
722 2523
722 1839
723 1409
723 1046
723 2112
723 1311
723 3872
723 2523
723 2523
723 3049
723 3329
723 211
723 1811
723 3329
723 210
724 2523
724 1573
724 2493
724 2973
724 1089
724 3987
724 1046
724 1811
724 1839
724 2129
724 1811
724 1046
725 1573
725 1638
725 2485
725 2523
725 2472
725 4889
725 1318
725 3632
725 4258
725 1839
725 1888
725 2087
725 1172
726 2055
726 4572
726 1329
726 2523
726 2973
726 3321
726 2730
726 1046
726 1811
726 1837
726 2129
726 211
726 2129
728 2485
728 2523
728 2779
728 4903
728 4941
728 1590
728 1573
728 1839
728 1888
728 1573
728 1839
728 1573
728 1839
728 1888
728 2087
729 2317
729 2357
729 400
729 2129
729 2730
729 3724
729 2982
729 1811
729 1837
729 1839
729 2523
729 1811
729 1837
730 2565
730 327
730 2973
730 400
730 2129
730 3049
730 3329
730 2779
730 3049
733 1046
733 1172
733 1212
733 1083
733 1601
733 1839
733 1888
734 1590
734 1712
734 1811
734 1172
734 1839
734 1172
734 1573
734 1839
735 1004
735 1172
735 1573
735 1046
735 1839
735 1888
735 2523
735 2545
735 2779
735 4941
737 1172
737 1888
737 1693
737 1844
737 4148
737 840
737 632
737 809
737 1839
737 2523
737 1839
737 2523
739 562
739 1639
739 2215
739 3757
739 2523
739 796
739 2192
739 2523
739 3632
739 2192
739 3632
740 3739
740 4580
740 2485
740 2523
740 796
740 1417
741 499
741 512
741 869
741 1004
742 3003
742 2730
742 1504
742 2991
742 3361
743 1172
743 1212
743 1573
743 1590
743 2523
744 1573
744 1601
744 1811
744 1839
744 1172
746 4249
746 4903
746 3757
746 1657
746 4873
746 1839
747 869
747 968
747 1004
747 587
747 1712
747 1837
747 1839
748 1811
748 3283
748 1890
748 1329
748 2523
748 2730
748 211
748 400
748 2523
748 2545
748 2779
748 211
749 1966
749 2770
749 4474
749 2337
749 2982
749 2779
749 2317
749 4293
749 1296
749 2129
749 1811
749 1046
750 3049
750 400
750 587
750 2730
750 1440
750 2129
751 1046
751 1089
751 2685
751 4572
751 158
751 1811
751 2523
751 2545
751 1811
751 2523
751 2779
752 1645
752 2779
752 2730
752 1046
752 3329
753 4973
753 1590
753 2523
753 2545
753 3361
753 4329
753 1046
753 1811
753 1839
754 1839
754 2523
754 2815
754 2584
754 1044
754 4302
754 2485
754 1573
754 2485
754 1172
754 1573
754 2485
755 1004
755 1046
755 1083
755 1172
755 1573
755 1601
755 2485
755 2523
755 1839
755 1888
756 71
756 1590
756 1041
756 3632
756 4941
756 2991
756 2485
756 2523
756 3632
757 400
757 1573
757 1839
757 1888
757 2523
757 1172
757 2523
757 3361
757 2523
757 1172
757 2523
759 869
759 968
759 1590
759 1712
759 2991
759 3296
759 3361
759 1573
759 1839
759 2485
760 1641
760 679
760 2485
760 2523
760 3049
761 1811
761 2523
761 3539
761 2122
761 2341
761 1402
761 1046
761 211
761 1837
761 2129
762 1573
762 1839
762 1888
762 2087
762 2087
762 2523
762 1172
763 1409
763 2905
763 1577
763 1811
763 1046
763 3329
763 3226
764 1888
764 3296
764 3296
764 3361
764 4258
764 1573
764 1811
764 2523
765 373
765 838
765 4719
765 4430
765 373
765 499
765 1046
765 1573
765 2485
765 3165
765 499
766 4629
766 3987
766 3757
766 837
766 1172
767 1839
767 4903
767 1888
767 2087
767 1590
767 1638
768 778
768 1004
768 1888
768 2485
768 2807
768 4258
768 2499
768 1839
768 2523
768 1573
768 1839
768 1573
768 1839
768 2523
768 3296
769 3705
769 796
769 2192
769 2540
769 1378
769 1844
769 2523
769 3632
770 269
770 3485
770 2485
770 2523
770 3632
771 1712
771 1811
771 1839
771 1172
771 1573
771 1590
771 2148
771 2485
771 2523
771 2545
771 2779
772 3032
772 914
772 2779
772 4466
772 2129
772 2523
773 3547
773 1318
773 2472
773 3485
773 269
773 48
773 3632
773 2523
773 3632
774 1417
774 211
774 824
774 1212
774 2523
774 2665
774 2991
774 4903
774 1318
774 1573
775 3485
775 4874
775 3390
775 4941
775 1318
775 1573
775 2148
776 2779
776 1046
776 1296
776 1811
776 1839
776 1888
776 2087
776 2097
777 3049
777 2973
777 211
777 3465
777 4249
777 2523
777 1212
778 1172
778 1590
778 1712
778 1837
778 1573
778 2523
778 2545
780 2523
780 1837
780 3049
780 857
780 275
780 587
780 1573
780 1839
780 275
780 587
781 4326
781 3227
781 1417
781 1839
781 1888
781 2523
781 2991
781 3296
781 3361
781 4941
781 4366
781 4903
782 4957
782 1641
782 4941
782 1839
782 1172
782 1573
782 1839
782 1888
782 2523
782 3361
783 587
783 1645
783 3344
783 397
783 1771
783 2523
783 3329
783 1046
783 1172
783 1573
783 1811
783 2523
784 1842
784 3405
784 1316
784 1083
784 1837
784 1839
784 1888
784 4326
784 1573
785 1573
785 1578
785 2779
785 1046
785 1083
785 1172
785 1318
787 2807
787 2991
787 3296
787 4941
787 165
787 2523
787 1004
787 1172
787 1573
789 1089
789 1251
789 210
789 2905
789 2770
789 1747
789 4457
789 3329
789 211
789 700
789 1046
789 1811
789 1046
789 1811
790 4072
790 3049
790 4617
790 211
790 587
790 968
791 549
791 2728
791 3353
791 3965
791 576
791 1046
791 1573
791 1811
791 2523
791 2545
791 3361
791 3539
791 211
792 869
792 1172
792 1318
792 837
792 1046
792 1083
792 1573
793 968
793 1004
793 1172
793 1573
793 1712
793 2523
793 1839
793 1888
793 2523
794 3296
794 3479
794 4903
794 4456
794 211
794 2523
794 2545
794 1573
794 1839
795 1083
795 1573
795 1811
795 2485
795 1172
796 1083
796 1573
796 1004
796 1172
796 1573
798 1573
798 1811
798 1988
798 2162
798 1839
798 1888
798 2087
798 2485
798 2523
799 1046
799 3350
799 3757
799 4457
799 2225
799 2523
799 1172
799 1573
801 3632
801 4941
801 1172
801 1573
801 2485
801 2523
801 3321
801 914
803 983
803 1089
803 1440
803 2730
803 2357
803 587
803 3329
804 2973
804 3676
804 4844
804 3291
804 4987
804 3405
804 2523
805 775
805 2129
805 2523
805 1763
805 1811
805 2485
805 2523
806 3757
806 4706
806 3717
806 1046
806 1172
806 1573
806 1839
806 3329
807 1004
807 1573
807 1712
807 512
807 1811
808 3329
808 3724
808 2129
808 2129
808 3049
808 2730
808 2523
808 3049
809 2485
809 3361
809 3632
809 4648
809 1173
809 796
809 2523
809 1888
809 2523
809 4903
809 1888
809 2523
809 1839
810 775
810 4389
810 2523
810 4941
810 4389
811 1839
811 188
811 682
811 1011
811 2485
811 2523
811 1888
811 2087
811 1888
811 2087
812 1380
812 2838
812 4366
812 801
812 2815
812 1811
812 2523
812 824
812 837
813 2982
813 2779
813 2317
813 4249
813 1837
814 2730
814 3724
814 3539
814 3724
814 3048
814 3717
815 1677
815 4941
815 4873
815 796
815 2523
815 1839
815 1888
815 4903
816 1839
816 1888
816 1172
816 1573
816 1811
817 2991
817 4249
817 4238
817 914
817 1844
817 1888
817 2148
817 2523
818 1172
818 840
818 1212
818 1839
818 1888
818 2523
818 824
818 1839
818 2523
820 3907
820 3227
820 4326
820 4941
820 837
820 1046
821 1601
821 1839
821 1046
821 2097
821 2523
821 2545
821 3165
821 3296
822 587
822 1771
822 1811
822 4572
822 3717
822 3724
822 3049
822 3329
822 2523
822 1046
822 211
822 1046
823 2523
823 3739
823 4648
823 4873
823 1318
823 211
823 1839
823 1888
823 1172
823 1573
823 2485
824 1004
824 1046
824 1172
824 1172
824 1573
824 1811
824 1888
824 2087
825 2485
825 3147
825 1590
825 2087
825 1011
825 1573
825 1839
827 2294
827 3336
827 275
827 3990
827 1060
827 2485
827 2523
827 1172
827 1839
827 2523
828 1578
828 3417
828 4366
828 3485
828 1318
828 2192
828 1172
829 1747
829 4389
829 2523
829 2779
829 2341
829 1930
829 1089
829 2227
829 3329
830 4326
830 4973
830 2991
830 499
830 165
830 3296
830 3361
830 2148
830 2485
831 3632
831 4903
831 4903
831 4648
831 824
831 1046
831 1578
831 1888
833 4389
833 1046
833 2485
833 211
833 210
833 99
833 499
833 587
833 1837
834 4249
834 2991
834 2158
834 3632
835 71
835 1639
835 1461
835 3648
835 3987
835 2523
835 3632
836 1172
836 1573
836 1839
836 3465
836 2485
836 2523
836 1004
838 1590
838 3632
838 2294
838 4941
838 1888
838 2523
838 1839
838 1888
840 3361
840 4224
840 1839
840 1888
840 2087
840 2523
840 2545
841 512
841 3160
841 1004
841 4894
841 190
841 1839
841 2523
841 1839
841 2523
843 1004
843 1172
843 1573
843 1590
843 1888
843 2523
843 3165
843 3296
843 1839
843 2523
844 1296
844 2685
844 1089
844 4266
844 2730
844 1046
845 2636
845 2001
845 4545
845 2523
845 3632
845 2192
845 3632
846 3724
846 1089
846 1811
846 3539
846 211
846 2730
847 1311
847 2112
847 2369
847 3329
847 4889
847 327
847 211
847 1046
847 2523
848 4545
848 3294
848 2991
848 1839
848 824
848 4238
848 824
848 1172
849 2523
849 394
849 1639
849 3321
849 4258
849 4903
849 1573
850 1164
850 3604
850 3975
850 781
850 1882
850 101
851 1212
851 4249
851 4923
851 1839
851 1888
851 2087
852 71
852 801
852 2838
852 1590
852 2523
852 4258
852 4366
852 4258
853 2523
853 4329
853 4973
853 3717
853 3361
853 1046
853 1172
853 1839
853 2485
853 1046
853 1172
854 2485
854 2523
854 2545
854 4903
854 1839
854 1888
854 2087
854 1573
854 1811
854 1839
854 1888
855 112
855 499
855 1046
855 1601
855 1083
855 1573
855 1601
855 2485
856 3539
856 562
856 2971
856 4985
856 2730
856 4572
856 1046
856 1811
856 1839
856 2129
856 1046
856 3717
858 1573
858 1601
858 499
859 993
859 3990
859 1839
860 1573
860 211
860 3154
860 2523
860 3987
860 2523
860 2545
860 2665
860 2523
860 2545
860 2779
861 310
861 731
861 2186
861 675
861 1811
861 1839
861 587
861 3049
861 4715
861 3329
862 2831
862 3907
862 3353
862 2263
862 866
862 3003
862 211
862 1046
862 1811
862 400
862 1837
862 1811
862 1046
862 211
863 2485
863 4903
863 1573
863 1601
863 2148
863 2523
863 1046
864 211
864 1393
864 796
864 1318
864 3344
864 2523
864 824
864 2523
864 1839
864 2523
865 4648
865 4873
865 1318
865 211
865 1888
865 2523
865 4258
865 3632
867 1811
867 2779
867 3183
867 1046
867 3547
867 2523
867 2545
867 2087
867 2523
867 1172
867 1573
867 1839
868 2527
868 499
868 2584
868 2545
868 1573
868 1839
868 1888
869 2540
869 824
869 837
869 1212
869 2991
869 4366
870 2011
870 1845
870 1046
870 211
870 2341
870 1811
870 2129
870 1837
870 3049
870 1837
871 2523
871 4937
871 3990
871 3717
871 76
871 3049
871 3329
872 1601
872 1811
872 499
872 824
872 837
872 1046
872 1811
873 326
873 4748
873 3690
873 4474
873 2779
873 2357
873 3724
873 400
874 3701
874 1966
874 2770
874 4474
874 2337
874 2982
874 2779
874 2317
874 4293
874 2129
874 3724
874 2129
875 700
875 4457
875 210
875 2730
875 3049
875 2225
875 4572
876 778
876 968
876 1172
876 1573
877 4326
877 4903
877 4874
877 1173
877 2523
877 2545
877 1172
877 1888
877 2523
877 4941
878 1041
878 3045
878 1888
878 2087
879 2523
879 3757
879 275
879 587
879 1645
879 1837
879 1839
879 2129
879 2485
879 1573
880 2485
880 2523
880 2991
880 4329
880 4903
880 4648
880 1573
880 1590
880 1839
880 1888
880 1573
880 1839
880 1888
880 1839
880 1888
881 396
881 1409
881 3226
881 3329
881 1046
881 211
881 587
881 69
881 4389
881 3329
881 3264
882 4903
882 4941
882 3632
882 2523
882 4249
882 2991
882 1172
882 1839
883 1089
883 3767
883 4536
883 1409
883 4150
883 4163
884 2189
884 4748
884 1296
884 3724
884 737
884 2973
884 2129
884 1811
884 2779
885 1172
885 1573
885 869
885 1004
885 1046
886 2485
886 2523
886 2545
886 1839
886 1888
886 2087
886 2148
886 3361
886 4941
887 1417
887 1263
887 4366
887 3632
887 3321
887 1888
887 2665
887 3632
888 856
888 226
888 1212
888 1839
888 1888
888 2523
888 4903
889 4941
889 1657
889 3987
889 4903
889 1888
889 2148
889 2523
889 1573
889 1839
889 1888
889 2087
889 2523
890 3296
890 4941
890 4326
890 3211
890 512
890 4545
890 1004
890 1172
890 1573
890 1839
890 1888
890 2523
891 3604
891 3975
891 197
891 2134
891 1882
891 782
891 4466
891 700
892 4903
892 4629
892 3632
892 824
892 2137
892 2192
892 4249
892 4258
893 2485
893 2523
893 1046
893 4648
893 1573
893 1839
893 1888
893 2087
893 1573
893 1839
894 2991
894 1888
894 270
894 1417
894 3405
894 1004
894 1172
894 1573
895 2523
895 3361
895 3479
895 3539
895 3757
895 4224
895 1573
895 1839
895 1888
896 2385
896 4457
896 1839
896 2129
899 2294
899 4139
899 2523
899 3705
899 1831
899 824
899 1839
899 1888
899 1172
899 1573
899 1839
902 4941
902 1004
902 801
902 3296
902 3329
902 3361
902 4326
902 4903
902 2523
903 60
903 1126
903 4231
903 3465
903 1318
903 2523
903 3757
903 4139
903 3344
903 4139
904 3154
904 3757
904 1601
904 1811
904 1839
904 1888
905 1888
905 270
905 1417
905 3405
905 2376
905 499
905 824
905 3632
905 4903
906 1590
906 1839
906 1888
906 2087
906 1046
906 1573
907 1839
907 1212
907 4139
907 2991
907 1573
907 1590
907 2523
907 1172
907 1573
908 1089
908 3767
908 4536
908 1409
908 1046
908 1811
908 3539
908 211
908 1811
908 1046
908 1811
910 700
910 4715
910 3539
910 210
910 400
910 1046
910 3329
910 1046
910 1811
911 3049
911 587
911 211
911 3329
911 1046
911 2523
911 3329
911 1837
911 2129
911 2294
911 2485
911 2523
911 3329
911 1811
912 2523
912 2515
912 587
912 869
912 1004
912 1172
912 1573
912 2485
912 2545
913 4868
913 2112
913 1089
913 1534
913 4572
913 4617
913 4457
913 4457
913 1046
913 210
913 1046
913 210
913 1046
914 2822
914 1639
914 2137
914 2540
914 4249
914 4903
914 2523
914 4903
915 1573
915 2087
915 2523
915 2545
916 2523
916 3321
916 824
916 1569
916 2192
916 1573
916 1839
916 1888
916 3632
916 1839
917 1004
917 1712
917 499
917 1172
917 1573
919 587
919 1004
919 1172
919 1837
919 2129
919 2148
919 2485
919 2523
919 1839
920 1318
920 1811
920 1839
920 1888
920 2523
920 2523
920 1172
920 1573
920 2087
920 2523
921 310
921 731
921 2186
921 4435
921 400
921 587
921 3049
921 211
921 1046
921 1811
922 1046
922 4389
922 2779
922 1811
922 1811
922 1839
923 2991
923 3959
923 2707
923 1172
923 468
923 1888
923 2087
924 1712
924 1837
924 2129
924 3539
924 3049
924 2129
924 2485
924 2523
924 2545
924 1172
925 2665
925 4903
925 1590
925 1712
925 1837
925 1839
925 1888
925 2087
926 1172
926 1837
926 3049
926 3329
926 4249
926 2827
926 3987
926 1839
926 2523
926 1839
926 2523
926 1839
926 2129
926 2523
927 2485
927 2523
927 3632
927 4903
927 1839
927 1888
927 2087
928 1590
928 4957
928 1641
928 4941
928 2523
930 1172
930 1573
930 1590
930 1839
930 3329
930 1888
930 2523
930 1888
930 2523
932 2584
932 801
932 2294
932 1172
932 1075
932 824
932 1573
932 2485
933 1316
933 1417
933 1573
933 1811
933 1988
933 1839
933 1888
933 2087
933 2485
933 2523
933 1172
933 2523
934 3049
934 776
934 3329
934 1046
934 1172
934 1573
934 2807
935 310
935 3049
935 4715
935 1573
935 1811
935 2730
935 400
936 4903
936 3485
936 1639
936 4178
936 3987
937 2148
937 4224
937 1004
937 2485
937 2523
938 1172
938 1573
938 1590
938 1712
938 587
938 1004
938 1046
938 1811
938 2087
939 636
939 2499
939 3344
939 2485
939 2523
939 1083
939 1573
939 1839
939 1888
940 4941
940 968
940 2523
940 824
940 837
940 1573
940 1888
941 1004
941 1172
941 1590
941 869
941 1839
941 1888
941 2087
941 2097
941 2523
941 2485
941 2499
941 1573
941 1839
942 4041
942 1284
942 2779
942 3329
942 1046
942 1172
942 1573
942 2485
942 2523
942 3344
942 2225
942 4894
943 587
943 1837
943 3049
943 4466
943 2730
943 2779
943 3329
943 211
943 400
943 2129
943 3329
944 587
944 968
944 1004
944 1172
944 1172
944 1573
944 1839
945 4715
945 1890
945 2779
945 1089
945 1811
945 2129
945 1046
945 1811
945 1837
945 2129
946 1590
946 1638
946 1839
946 1888
946 1712
946 2523
946 2665
946 2523
946 1004
947 4238
947 48
947 2429
947 824
947 869
947 1004
948 1417
948 2991
948 4629
948 2523
948 4903
948 1839
949 2129
949 3049
949 2879
949 3329
949 211
949 3329
949 211
949 3329
950 4457
950 4991
950 400
950 1837
950 1811
950 4715
950 700
951 1638
951 1712
951 1004
951 1839
951 1888
951 2485
951 2523
951 1212
952 4648
952 48
952 1888
952 2523
952 2665
952 4941
952 1573
953 2665
953 3705
953 1482
953 4249
953 2991
953 2523
953 1839
953 1888
953 2523
953 1839
954 2129
954 4466
954 2011
954 1839
954 2523
954 3049
954 587
954 1837
955 499
955 512
955 587
955 869
955 968
955 1004
955 1004
955 1172
955 1839
955 2523
955 3296
956 3739
956 1521
956 4889
956 796
956 1839
956 2523
957 2941
957 1089
957 3705
957 562
957 2523
957 1590
957 2523
957 3632
957 2523
957 211
957 1046
957 2523
957 3632
958 4644
958 4926
958 1839
958 1888
958 2485
958 2523
958 2545
960 1046
960 1811
960 2485
960 4941
960 1318
960 1888
960 2087
960 2523
960 1888
960 2087
960 2523
960 1172
960 1573
960 1172
961 4262
961 4545
961 4930
961 108
961 1844
961 4678
961 4249
961 4903
961 1839
961 2523
961 824
962 499
962 869
962 1004
962 587
962 1004
962 1046
962 1172
962 1573
963 4941
963 4903
963 824
963 2523
963 4249
964 48
964 3757
964 2192
964 1046
964 2523
964 1573
964 1839
964 2523
964 1318
964 3987
964 2523
964 1172
965 2097
965 2545
965 3211
965 3361
965 3479
965 2779
965 1811
965 1839
965 2148
965 2485
965 2523
966 1811
966 737
966 775
966 3539
966 4389
966 2129
966 2523
966 3632
966 1837
966 211
968 2730
968 210
968 1046
968 1811
968 2779
968 3632
968 2523
968 2545
968 211
968 2523
968 2129
969 1172
969 1573
969 824
969 837
969 1004
969 1046
969 2087
970 1046
970 1296
970 2730
970 4466
970 2357
970 2730
970 2129
970 3329
970 4457
970 1811
970 2523
971 4973
971 1046
971 1292
971 842
971 2722
971 3193
971 3329
971 2545
971 2485
971 1573
972 1839
972 1888
972 2087
972 824
972 2523
972 3361
972 1172
972 1573
972 1811
972 2523
972 2485
972 2523
973 1573
973 211
973 3154
973 4889
973 4894
973 1839
973 2523
974 2485
974 4644
974 2527
974 4466
974 4941
974 2523
974 1046
974 1172
975 4457
975 2102
975 2545
975 2730
975 2779
976 2545
976 1172
976 3965
976 978
976 801
976 2499
976 2087
976 2523
976 1573
976 1839
976 2485
976 1573
977 2584
977 801
977 2294
977 1172
977 1075
977 1839
977 2523
977 1573
977 1590
978 3660
978 3388
978 2278
978 2838
978 4648
978 3383
978 801
978 1573
978 1839
978 1888
979 2097
979 3350
979 2087
979 2523
979 2545
979 2990
979 3296
980 2665
980 824
980 2087
980 2148
981 1393
981 914
981 394
981 2192
981 2523
981 1839
981 3632
981 796
981 3717
982 1888
982 2485
982 2807
982 4258
982 2499
982 2523
982 1172
982 1573
982 1839
982 2523
983 1573
983 1590
983 1712
983 1811
983 1839
983 2523
983 3049
983 2523
984 3329
984 4889
984 587
984 869
984 968
984 1004
984 1046
984 1811
985 797
985 4937
985 1284
985 2472
985 4894
985 3757
985 3465
985 3705
985 2523
985 1839
985 2523
985 211
986 2540
986 1263
986 2192
986 2294
986 1172
986 1573
986 1839
986 2523
986 1172
986 2523
986 2665
986 2523
986 3632
987 4466
987 1089
987 3048
987 210
987 4389
987 1046
989 400
989 587
989 968
989 1573
989 1590
989 1590
989 1172
990 801
990 4973
990 1590
990 1888
990 2148
990 2485
990 2523
991 1573
991 1712
991 1837
991 1172
991 1839
991 1888
991 2523
991 1839
991 2485
991 2523
991 2545
991 1172
991 1888
992 1216
992 275
992 797
992 4923
992 1639
992 211
992 4715
993 1590
993 1044
993 2527
993 2815
993 2485
993 2523
993 400
993 499
993 1573
993 2485
993 2523
994 3690
994 4474
994 69
994 327
994 3590
994 69
994 587
994 1712
995 1417
995 394
995 2523
995 2192
995 1639
995 4903
995 3632
997 1712
997 2294
997 2665
997 2991
997 3987
997 2192
997 2680
997 2523
997 1172
997 2523
999 1573
999 1601
999 2148
999 4224
999 4326
999 4644
999 4957
999 4973
999 2523
999 2485
999 2523
999 2545
1000 3048
1000 1930
1000 3226
1000 1409
1000 69
1000 3539
1000 3329
1000 3049
1000 211
1000 1811
1000 1046
